         100

   62.0215454      -49.7825928       62.7714996       15.0000000    
   45.1116524      -37.3685150       84.2178650       15.0000000    
   52.6235924      -78.0968704       59.6123695       15.0000000    
   19.7865486      -32.0732498       69.0323639       15.0000000    
   80.7906189      -73.1463547       61.4093246       15.0000000    
   6.89853573      -55.9134293       56.1659317       15.0000000    
   50.9679718      -89.8937149       32.0788918       15.0000000    
   9.74868679      -43.9821854       94.6725311       15.0000000    
   15.7064276      -14.2236118       45.2680435       15.0000000    
   88.5188980      -58.8333435       86.6166840       15.0000000    
  -20.3534203      -17.9846992       82.0632095       15.0000000    
  0.762190819      -1.46538258       68.6005478       15.0000000    
  -8.30146599      -28.4466915       107.465897       15.0000000    
  -42.0746422      -37.8222275       76.1758957       15.0000000    
   7.37243080      -4.02042389       115.060959       15.0000000    
  -45.9386368      -46.9130554       104.503036       15.0000000    
   29.7374420      -20.4144249       103.613541       15.0000000    
  -31.3939095      -65.8035507       74.4530792       15.0000000    
   9.45195866      -21.0849895       139.647049       15.0000000    
  -49.0544014      -15.6882267       57.1661949       15.0000000    
  -66.0361710       44.7993393       45.7424126       15.0000000    
  -67.9157486       19.7721348       29.3075161       15.0000000    
  -46.2589378       62.7162094       32.0366859       15.0000000    
  -46.0658188       14.8851070       9.34008026       15.0000000    
  -53.2502022       40.1131821       72.4736633       15.0000000    
  -18.2670212       58.8777542       21.9510765       15.0000000    
  -90.4788742       40.3885574       62.5679626       15.0000000    
  -18.9221649       26.9370975       5.10073471       15.0000000    
  -37.8614120       90.6932297       38.8753815       15.0000000    
  -95.5735168       69.0441055       55.2943916       15.0000000    
   9.36831188       9.54943466       9.20379639       15.0000000    
  -7.49691486      -7.02224541       27.6684647       15.0000000    
   28.9564400       24.4437714       26.3637733       15.0000000    
   2.16725445      -29.2166595       9.94808960       15.0000000    
   4.68820381       42.0438080       27.4999275       15.0000000    
  -7.39739752      -32.2895966       38.2159767       15.0000000    
  -20.3769054       38.1249008       43.5118637       15.0000000    
   52.6450844       7.27824974       19.7160416       15.0000000    
  -16.1728134      -22.8755398      -12.9305382       15.0000000    
  -43.7615318       19.3359337       43.1449661       15.0000000    
   87.2672119       129.752594       14.2920685       15.0000000    
   101.167847       146.958328       34.5581665       15.0000000    
   101.965309       133.271545      -11.6226349       15.0000000    
   131.043777       145.130630       32.5347137       15.0000000    
   71.9549561       119.321976       37.8869324       15.0000000    
   128.106079       127.981529       56.9741364       15.0000000    
   130.053848       163.834747       55.9691544       15.0000000    
   102.788719       103.681625      -6.74993896       15.0000000    
   95.3393097       161.874771      -17.7841415       15.0000000    
   139.355469       101.377060       48.8713150       15.0000000    
   74.2193298       133.562500       81.5129700       15.0000000    
   87.0350800       108.606964       92.1423950       15.0000000    
   45.5452156       133.018173       90.3159714       15.0000000    
   109.101868       128.926331       92.5696640       15.0000000    
   71.3275299       84.6507874       101.051865       15.0000000    
   119.866577       106.328354       76.0337677       15.0000000    
   74.0675201       153.655441       59.2355232       15.0000000    
   118.424728       130.875092       121.017273       15.0000000    
   49.7987976       136.972794       53.5144196       15.0000000    
   94.8159485       81.1652145       119.384743       15.0000000    
   63.7198410       174.201187       123.735077       15.0000000    
   66.9931335       144.676086       127.926361       15.0000000    
   37.1098595       178.185089       110.466232       15.0000000    
   87.6520462       144.889709       106.174118       15.0000000    
   60.1315422       143.255676       157.096146       15.0000000    
   16.7656937       161.625290       125.022278       15.0000000    
   87.1605530       120.274506       123.315811       15.0000000    
   47.5139275       165.125717       173.298370       15.0000000    
   31.7453270       200.853424       129.370621       15.0000000    
   71.3188400       150.080246       183.642059       15.0000000    
   7.84038925       102.982635       118.595032       15.0000000    
  -17.3902321       98.9320145       102.877586       15.0000000    
   24.0615978       123.457268       103.841751       15.0000000    
   5.53004837       101.694466       148.478073       15.0000000    
   34.4588966       137.603256       128.168686       15.0000000    
   17.6262646       123.404579       165.280823       15.0000000    
  -8.31492233       75.0821991       148.831207       15.0000000    
 -0.652488708       147.170288       164.253174       15.0000000    
  -34.5844917       87.8429031       155.691193       15.0000000    
   38.7239532       98.5352097       95.8473740       15.0000000    
   38.4351692       57.0240746       124.734497       15.0000000    
   16.4485950       56.6948891       104.326950       15.0000000    
   45.9815674       28.4380493       129.820572       15.0000000    
   60.3091278       77.5535583       124.825851       15.0000000    
   25.8924618       37.0707321       83.6938705       15.0000000    
   39.8990936       4.85630798       112.302620       15.0000000    
   67.6980133       60.6378136       148.473389       15.0000000    
 -0.940551758       74.4120255       121.170212       15.0000000    
   61.9438324       3.05799866       128.807419       15.0000000    
   55.0208015       86.9157562       152.833191       15.0000000    
  -29.9718590       43.7444687       121.827881       15.0000000    
  -34.2060280       58.9582748       96.3200226       15.0000000    
  -5.18043900       27.2695999       118.092018       15.0000000    
  -20.7585030       48.0670624       71.8139420       15.0000000    
  -59.8123055       42.9754868       124.822220       15.0000000    
  -45.6078987       86.6982880       95.6205597       15.0000000    
   2.20068359       19.7790604       89.9958191       15.0000000    
  -10.5290680       74.7812347       62.7740784       15.0000000    
   5.74944687       26.2311783       60.9132423       15.0000000    
  -46.1843376       63.9368629       141.401611       15.0000000    
