         100

  -39.1260338      -34.6486282      -51.4974861       15.0000000    
  -12.9620228      -43.6877785      -39.9329681       15.0000000    
  -56.4829292      -26.5481682      -28.4080734       15.0000000    
  -20.9061146      -72.4914703      -37.2424660       15.0000000    
  -64.9036102      -34.6590042      -66.8440475       15.0000000    
  -74.0501175      -46.5127831      -14.5225296       15.0000000    
  -4.91102171      -51.6666756      -12.1567383       15.0000000    
   4.43349838      -25.7406235      -56.5249863       15.0000000    
  0.141080856      -24.6523323     -0.127548218       15.0000000    
  -60.1266975      -57.7443314       9.56047821       15.0000000    
  -3.63798857       27.3308945      -48.4043274       15.0000000    
  -15.1072102       15.0456314      -23.5542030       15.0000000    
  -20.2497845       17.5410500      -71.3870926       15.0000000    
  -1.12666702      -11.4598656      -24.9678802       15.0000000    
  -19.8838634       47.1171112      -66.3748016       15.0000000    
  -30.0088825      -19.1788025      -27.4649658       15.0000000    
  -46.1537285       49.8639526      -52.1498489       15.0000000    
  -13.6201363       69.2833481      -47.1543808       15.0000000    
  -50.3583183      -3.66013718      -11.8101578       15.0000000    
   4.15493822       61.6141891      -70.0722427       15.0000000    
   15.0784359      -113.567863      -51.2884140       15.0000000    
   28.5930061      -107.490761      -77.3733673       15.0000000    
   36.5713272      -122.024269      -32.1430588       15.0000000    
  -7.40912771      -98.1725006      -38.7468109       15.0000000    
   23.4359837      -77.9748077      -78.8612747       15.0000000    
   41.7983284      -97.6956024      -15.3861237       15.0000000    
   53.3053703      -75.9608002      -76.9212723       15.0000000    
  -7.14394999      -124.358109      -24.1097832       15.0000000    
   15.3576908      -51.7358932      -66.7674561       15.0000000    
  -27.6680737      -121.524109      -45.8060532       15.0000000    
   65.3129959      -52.0958214      -63.2728539       15.0000000    
   71.1667786      -47.1155739      -34.2740440       15.0000000    
   45.5757408      -31.1963978      -71.8551331       15.0000000    
   72.3876953      -61.8136749      -90.7594223       15.0000000    
   48.5083084      -29.5310516      -101.664978       15.0000000    
   43.8911438      -59.3022118      -31.5306435       15.0000000    
   50.6880531      -63.1425438      -111.432098       15.0000000    
   97.3635864      -59.5694466      -41.9309845       15.0000000    
   27.2757854      -9.66718292      -61.7752113       15.0000000    
   20.9060936      -18.0859051      -98.9954987       15.0000000    
  -12.1274853       126.481216       43.7729263       15.0000000    
   13.8980494       114.269814       52.3484764       15.0000000    
  -8.18504524       156.220825       43.7993927       15.0000000    
   37.4911308       132.526154       55.5214043       15.0000000    
  -28.8092060       116.063911       66.4268036       15.0000000    
   37.5575256       104.313148       65.7212830       15.0000000    
  -7.56462669       169.196442       70.8410645       15.0000000    
  -34.5669479       114.976028       27.5217953       15.0000000    
   9.11119080       162.261154       94.7957916       15.0000000    
   22.3338375       81.3889771       53.7761841       15.0000000    
  -28.9695568       66.2181396       24.1960659       15.0000000    
  -22.2573986       37.9652405       16.6645508       15.0000000    
  -3.16268158       79.5765228       31.6499825       15.0000000    
  -46.3135529       89.5464249       16.7813225       15.0000000    
   18.0296307       62.1809158       19.4730797       15.0000000    
   16.2528992       100.186111       21.7362480       15.0000000    
  -51.6035156       86.1741486       46.1180878       15.0000000    
  -1.50537491       26.2098980       34.8628387       15.0000000    
  -35.5406647       107.111130      -5.02296448       15.0000000    
  -61.3460617       86.0386505      -8.94271851       15.0000000    
  -3.96080017       47.7958374       104.329697       15.0000000    
  -15.8218594       73.4043274       94.1551208       15.0000000    
  -12.9272060       26.0698528       85.6857071       15.0000000    
   14.7722664       30.4276543       120.059235       15.0000000    
  -33.3868942       61.4320107       72.9861755       15.0000000    
  -2.30374527       86.5648041       70.8298874       15.0000000    
  -37.5050354       93.8343124       97.6849060       15.0000000    
   35.1509247       45.8086281       104.306602       15.0000000    
  -41.5751038       17.3252220       87.3819351       15.0000000    
   17.3136482       51.3361549       141.422195       15.0000000    
   9.92010307       17.6816101       61.2583923       15.0000000    
   28.3331108       37.2215729       74.6434479       15.0000000    
   25.5131760       4.87015533       39.0610580       15.0000000    
   56.1606903       26.5295372       78.0035477       15.0000000    
  0.968517303      -10.8471794       58.8172531       15.0000000    
   45.2912140       15.9126835       103.871140       15.0000000    
   22.3654804      -28.5572815       47.4794350       15.0000000    
   22.4705296       1.58743286       117.062180       15.0000000    
   9.05290222      -12.5865326       25.8531513       15.0000000    
   36.0970535      -48.9714279       64.6460648       15.0000000    
   66.2788467      -4.66677094       2.74450684       15.0000000    
   79.9172516       19.6032143      -8.43225861       15.0000000    
   72.0638046      -5.08866501       32.1782227       15.0000000    
   105.322739       5.22779846      -15.3519058       15.0000000    
   46.0190163      -15.1363373       21.1903629       15.0000000    
   106.981705      -24.7254562      -15.1220627       15.0000000    
   70.9176025       44.2143402       6.17178726       15.0000000    
   26.8312454       3.92290115       8.20682526       15.0000000    
   44.1083527       47.8945427      -6.77921295       15.0000000    
   75.8214951       53.7317924       34.1957474       15.0000000    
   90.5984268      -24.7766190       59.9777527       15.0000000    
   65.6374359      -9.64067078       66.8938904       15.0000000    
   90.8217163      -27.9796829       30.1502590       15.0000000    
   117.264671      -37.8846664       64.1159058       15.0000000    
   63.6251907      -39.2233582       24.3249054       15.0000000    
   106.072144      -30.1941071       90.8665314       15.0000000    
   88.8695908      -49.1094360       11.4802742       15.0000000    
   82.0782852       15.0301094       71.4800415       15.0000000    
   66.5351410      -2.12898254       95.9238968       15.0000000    
   99.4826431      -58.5254364       98.2101822       15.0000000    
