         100

  -34.1170197       27.4035301       6.96771622       15.0000000    
  -40.7330017       44.0694504      -17.0838146       15.0000000    
  -54.1675491       5.10584354       7.85628891       15.0000000    
  -23.9593220       25.2792053       35.1156883       15.0000000    
  -44.6239548      -11.2269764       31.1406059       15.0000000    
  -38.0474358       14.2498827       59.1963692       15.0000000    
  -40.9947090       16.3798256      -28.6257553       15.0000000    
  -64.2877655       58.4954262      -5.37637329       15.0000000    
  -3.99589157       4.88681126       44.3683281       15.0000000    
  -42.3306503       75.6461258       5.74740601       15.0000000    
   3.77147675      -11.8878431      -35.7055130       15.0000000    
  -25.5728645      -5.99209976      -37.7427826       15.0000000    
   16.9656143       1.55925083      -59.0526581       15.0000000    
  -34.3875999       13.7771959      -58.5147362       15.0000000    
   27.2721291       3.31036472      -24.9012165       15.0000000    
  -23.7692757       3.10574055      -84.4641418       15.0000000    
  -33.7057571       41.0772476      -46.0952606       15.0000000    
  -5.54014969      -34.7395401      -18.6440468       15.0000000    
  -34.4699440       38.7634239      -75.1183472       15.0000000    
   18.4930611      -21.5388107      -10.5678062       15.0000000    
  -83.4910278      -2.37109852      -104.963837       15.0000000    
  -56.7458458      -14.5021744      -111.089981       15.0000000    
  -95.2899017      -18.2967205      -82.4436035       15.0000000    
  -48.1611824      -38.3391914      -95.0244904       15.0000000    
  -44.6960297      -35.3449287      -128.989151       15.0000000    
  -53.9624023      -46.3373070      -66.6982117       15.0000000    
  -18.1079407      -29.9886665      -116.168121       15.0000000    
  -68.6173782       22.3057747      -113.320175       15.0000000    
  -55.8205338      -70.8943634      -83.8300171       15.0000000    
  -50.5030670      -22.9106216      -155.666260       15.0000000    
  -51.9698563      -60.9788399      -36.1375771       15.0000000    
  -42.1864052      -78.7058182      -58.2743950       15.0000000    
  -28.1633301      -54.4369583      -19.0948544       15.0000000    
  -81.2059937      -64.8266983      -41.6549721       15.0000000    
  -24.0407410      -59.8735466      -72.9740829       15.0000000    
  -45.4966164      -108.521454      -58.5378113       15.0000000    
  -86.6697998      -55.4150848      -69.6114655       15.0000000    
  -41.7719994      -27.7904072      -21.2774563       15.0000000    
  -36.3720055      -99.0986557      -85.5183716       15.0000000    
  -89.6739807      -44.8659630      -20.9217644       15.0000000    
   79.0010986      -60.4330368      -25.9275436       15.0000000    
   71.1164017      -33.9557648      -14.2319794       15.0000000    
   53.5741425      -74.9319534      -32.5043716       15.0000000    
   104.700920      -58.4486694      -41.2762184       15.0000000    
   38.7252235      -55.0641289      -49.3796997       15.0000000    
   44.1810074      -85.1449814      -5.90623474       15.0000000    
   38.5324249      -80.9111862      -64.6075439       15.0000000    
   40.4786263      -52.9288940      -79.2521667       15.0000000    
   103.448448      -72.9309921      -67.5192871       15.0000000    
   47.7941589      -15.6223278      -18.6997871       15.0000000    
   112.868347      -66.2875290       17.4955292       15.0000000    
   100.212547      -65.6730270       44.6883545       15.0000000    
   93.9556885      -52.3947067      -1.19406509       15.0000000    
   76.0470581      -48.2732201       48.3322983       15.0000000    
   97.9400253      -50.1748695       70.2744293       15.0000000    
   63.3910713      -23.5177612       37.0631104       15.0000000    
   99.4695206      -92.2441254       10.6594086       15.0000000    
   74.7178574      -13.1350088       11.2969360       15.0000000    
   129.226990      -58.2004166      -6.31607056       15.0000000    
   71.2635345      -97.3207245       1.79108810       15.0000000    
   38.1315041       34.5247879      -46.8991890       15.0000000    
   49.4436989       61.0019913      -38.4732742       15.0000000    
   54.3205414       13.3801260      -33.0855370       15.0000000    
   27.3641052       35.8789673      -74.8675003       15.0000000    
   48.8420639       25.8334923      -6.34766388       15.0000000    
   68.6962433       67.5435867      -60.5310745       15.0000000    
   69.5404968       82.6657486      -33.2959137       15.0000000    
   83.1097641       52.0514870      -81.7970200       15.0000000    
   43.1567726      -5.56612587      -53.4923935       15.0000000    
   1.01742554       28.5808411      -62.5142479       15.0000000    
   116.755981       43.3785019      -86.1149292       15.0000000    
   112.137634       45.1415634      -56.5249252       15.0000000    
   106.463058       68.9094620      -98.0406494       15.0000000    
   139.126312       23.4837456      -88.0578232       15.0000000    
   92.9620438       79.5506897      -73.4539032       15.0000000    
   117.016548       16.0300713      -51.1644745       15.0000000    
   114.771584       91.5123672      -56.6828766       15.0000000    
   106.978241       101.114059      -88.8999710       15.0000000    
   86.7162552       102.118950      -57.3071060       15.0000000    
   77.8720627       102.897499      -95.9470825       15.0000000    
   120.101631      -37.9138603      -133.723206       15.0000000    
   136.872314      -61.0593147      -124.609848       15.0000000    
   138.056976      -13.8872633      -134.310333       15.0000000    
   109.857048      -71.8573685      -131.928635       15.0000000    
   110.659241      -5.74352932      -125.197319       15.0000000    
   120.804070       2.62023640      -152.471909       15.0000000    
   89.9893875       3.71509838      -144.775299       15.0000000    
   149.288544      -48.2108955      -100.510536       15.0000000    
   131.489410      -6.53266239      -178.968109       15.0000000    
   122.754951       29.4055405      -139.102448       15.0000000    
   114.013138      -26.2889671      -75.4853516       15.0000000    
   122.511169      -23.5011597      -104.121185       15.0000000    
   84.5235291      -20.8451767      -74.6155853       15.0000000    
   136.000397      -17.9871521      -56.8392601       15.0000000    
   85.8816757      -2.48691797      -50.9268684       15.0000000    
   143.468018       10.6837454      -61.5524139       15.0000000    
   72.7349243       12.6270285      -73.2593155       15.0000000    
   133.367004      -42.8041344      -40.1904755       15.0000000    
   65.1169357      -21.7056007      -40.9516830       15.0000000    
   110.052170      -50.6364441      -107.034416       15.0000000    
