         100

   2.60862732       3.09329128       20.6671524       5.00000000    
   12.2698298       1.31085968       18.8005848       5.00000000    
  0.626059532      -3.79659748       27.6384392       5.00000000    
  -4.16827202       2.01615047       13.3929882       5.00000000    
   6.38177204      -11.7364559       25.6812935       5.00000000    
  -1.70388794       11.9303589       18.8482723       5.00000000    
   12.5825567       5.73149395       9.83619308       5.00000000    
  -11.6286259      -3.30824518       17.3922272       5.00000000    
  -1.24166250       14.2562485       9.13351250       5.00000000    
  -8.79705429      -6.78587627       29.1448059       5.00000000    
   9.40348148      -14.1661739       11.0095091       5.00000000    
  0.785812378      -10.3691130       7.64527559       5.00000000    
   6.18819427      -22.0387573       16.2711010       5.00000000    
   18.0456352      -18.4195366       13.6969137       5.00000000    
   6.49372292      -10.6898632     -0.559412003       5.00000000    
   14.7476149      -16.4769955       22.9353981       5.00000000    
   24.4380150      -11.4759483       10.3917694       5.00000000    
 -0.357498169      -17.1615524      0.395746231       5.00000000    
   14.4023104      -26.4506264       22.2971077       5.00000000    
   26.3984604      -15.2785311       19.4304104       5.00000000    
  -11.8268852      -5.81562042      -1.93399048       5.00000000    
  -6.24765396      -4.70969677       6.29093170       5.00000000    
  -13.4626303      -15.6809168      -1.91562462       5.00000000    
  -14.1725788      0.713851929       9.08042431       5.00000000    
   1.70068169      -1.78507757      0.973924637       5.00000000    
  -16.3506622      -1.49808645      -9.73748398       5.00000000    
  -12.2193203      -18.6546249       7.55070400       5.00000000    
  -15.0480309       7.42415428      -5.41353035       5.00000000    
  -24.0409889      -2.04029083E-02   10.5211954       5.00000000    
  -20.7457237      -20.1581650       2.54671192       5.00000000    
  -28.8975182      -10.3322372       22.5062637       5.00000000    
  -35.7168655      -15.7840672       17.6303558       5.00000000    
  -34.7092400      -4.21083546       27.8683929       5.00000000    
  -28.7799377      -13.4945793       10.8011665       5.00000000    
  -39.5967026      -14.6722412       8.48101139       5.00000000    
  -19.2112541      -13.4282179       13.7055883       5.00000000    
  -31.3019676      -18.5652924       2.55938148       5.00000000    
  -20.5172844      -5.39331532       24.8256454       5.00000000    
  -16.6584911      -22.9440536       15.4180050       5.00000000    
  -29.5932388      -27.8337231       5.90245628       5.00000000    
  -20.9381790      -4.31608105      -21.6569271       5.00000000    
  -28.1400261      -3.92153740      -28.5834904       5.00000000    
  -22.0994968       4.49714661      -17.0765228       5.00000000    
  -35.3147736       2.84100533      -26.9123440       5.00000000    
  -29.8049545      0.905044556      -37.1821136       5.00000000    
  -14.1923752      -6.79701710      -28.6097240       5.00000000    
  -38.3725815      -3.60739231      -34.6846161       5.00000000    
  -29.0025749      -7.06445503      -43.1688805       5.00000000    
  -34.1832123       11.9009743      -22.8335896       5.00000000    
  -30.8766785       7.63043213      -13.4508162       5.00000000    
  -50.0753784      -4.75284100      -28.9685574       5.00000000    
  -46.8892441      0.900663376      -36.5766563       5.00000000    
  -41.5203781      -6.56097984      -24.1162128       5.00000000    
  -39.3177490       6.89443779      -33.9788437       5.00000000    
  -56.6174393     -0.993244171      -37.9091339       5.00000000    
  -51.1177521      -14.6879015      -28.5131474       5.00000000    
  -37.9593391       2.35614395      -42.7855568       5.00000000    
  -61.5135040       2.73086548      -30.0249901       5.00000000    
  -56.4324188      -16.2358322      -36.8413429       5.00000000    
  -45.6847801      -20.8322067      -34.2341118       5.00000000    
  -47.9474106      -24.8030510      -11.8775606       5.00000000    
  -51.1282578      -20.2744484      -20.2066097       5.00000000    
  -38.6858406      -21.1288013      -11.0290833       5.00000000    
  -52.0960312      -29.8670883      -22.8604679       5.00000000    
  -49.6670418      -20.2054100      -3.16526794       5.00000000    
  -40.1896973      -21.7120514      -1.16013718       5.00000000    
  -42.4023552      -29.6687813      -25.3080788       5.00000000    
  -32.1597710      -26.2135925      -5.06608772       5.00000000    
  -41.6973724      -11.8273315      -1.02306557       5.00000000    
  -38.0536003      -37.0853691      -20.2010670       5.00000000    
  -25.6287479      -26.7080574      -13.1055803       5.00000000    
  -21.1230278      -34.8510551      -16.7648468       5.00000000    
  -18.7193584      -23.3104134      -6.72460461       5.00000000    
  -29.3193665      -17.6274872      -11.1249876       5.00000000    
  -12.1977053      -17.5791073      -11.6864548       5.00000000    
  -32.3833694      -34.0688858      -12.6669235       5.00000000    
  -23.3488979      -10.0827351      -13.8509417       5.00000000    
  -14.7021542      -10.9802141      -18.7705212       5.00000000    
  -7.41805649      -22.4247112      -4.36015701       5.00000000    
  -32.8344765      -9.14621830      -10.8269606       5.00000000    
  -10.6659889      -33.2531700      -16.1875381       5.00000000    
  -1.68819237      -28.8760033      -16.6769848       5.00000000    
  -8.69916916      -42.2627335      -20.0552940       5.00000000    
  -16.1053829      -36.2454567      -8.34793949       5.00000000    
  -18.1594543      -45.3596306      -19.1001930       5.00000000    
  -1.69534302      -30.2621613      -6.77349567       5.00000000    
  -12.3710022      -40.7681541      -29.2359123       5.00000000    
  -6.08240318      -36.8077812     -0.616559982       5.00000000    
  -20.9893837      -36.0861969      -27.2860794       5.00000000    
  -15.6396408      -53.6641426      -14.1317225       5.00000000    
  -8.32975197      -21.2771759      -29.5248222       5.00000000    
  0.202287674      -22.3246670      -34.6346664       5.00000000    
  -9.50536537      -30.4482269      -25.7156715       5.00000000    
  -5.84953880      -12.0588493      -26.5456886       5.00000000    
   2.31848526      -12.6968069      -36.3163223       5.00000000    
  -11.5022793      -31.8376865      -35.4152298       5.00000000    
  -1.48835754      -36.3107147      -26.8818817       5.00000000    
   3.76367760      -11.6572132      -23.8213863       5.00000000    
  -4.00609398      -11.2614212      -16.7494698       5.00000000    
  -3.14380836      -36.8194427      -36.7306747       5.00000000    
