         100

  -18.3914433       4.64933491      -20.3634605       5.00000000    
  -21.5024815       14.1508617      -20.1573868       5.00000000    
  -17.0072403       1.85220146      -10.8629284       5.00000000    
  -29.3842888       10.3915958      -25.0302887       5.00000000    
  -11.8565874      -1.56662560      -24.6828766       5.00000000    
  -22.6487160       18.0271301      -11.0107784       5.00000000    
  -23.5901375       23.9183941      -19.6704502       5.00000000    
  -32.0731697       21.1749916      -12.1380520       5.00000000    
  -15.8870440       22.8999386      -5.48487282       5.00000000    
  -18.4600468      -5.33384323      -19.7877045       5.00000000    
  -3.75208473      -2.33687878      -18.8756618       5.00000000    
  -9.46667862      -10.3534632      -17.1213703       5.00000000    
  -9.07400131       5.66818428      -16.1194973       5.00000000    
  -12.7074833      -10.1610928      -7.66304493       5.00000000    
  -7.88808680      -18.4140835      -11.4173899       5.00000000    
  -22.6766052      -10.0740747      -8.44382191       5.00000000    
   4.94540024      -7.03233767      -17.3572655       5.00000000    
  -7.59965515      -23.5782719      -19.9759216       5.00000000    
  -20.0858994      -2.02791405      -3.10083103       5.00000000    
   6.95254040      -1.58896685      -9.21225452       5.00000000    
   1.93388939      -13.9064312       10.0912352       5.00000000    
  0.702081680      -5.83111715       15.8594236       5.00000000    
   3.81473064      -21.5801430       16.2212200       5.00000000    
  -1.08391380      -9.56576157       1.60291314       5.00000000    
  -2.33602095      -18.8860207       23.6313381       5.00000000    
   5.00479221      0.326009750       9.25817490       5.00000000    
   10.5504637      -19.9718628       23.4353447       5.00000000    
  -2.97537374      -28.9214458       16.2199745       5.00000000    
  -5.30376148      -12.6086111       30.8276291       5.00000000    
  -9.70453835      -21.4821815       29.8735313       5.00000000    
  -9.14427662      -24.9190655     -0.994849443       5.00000000    
  -1.44854069      -18.7011051      -2.44834232       5.00000000    
  -17.3758202      -20.0760708      -3.95912290       5.00000000    
  -3.23751545      -10.1634274      -7.33787632       5.00000000    
  -16.6464577      -29.4895439      -7.25375366       5.00000000    
   2.49632454      -16.0669556      -13.0186605       5.00000000    
  -20.2456856      -11.4579420      0.223186016       5.00000000    
  -7.27905989      -34.2375717       2.11749768       5.00000000    
  -7.20234394      -2.94062853      -1.67118478       5.00000000    
  -24.8088627      -18.2688732       5.94932652       5.00000000    
  -64.9563904      -53.6474762      -6.86079407       5.00000000    
  -61.8264465      -44.8096542      -10.3385868       5.00000000    
  -57.1315231      -57.9039383      -2.31679749       5.00000000    
  -56.9287033      -47.7483788      -18.5468922       5.00000000    
  -71.1731262      -41.4220619      -9.26765060       5.00000000    
  -67.2530212      -63.2509308      -5.28512192       5.00000000    
  -64.3576050      -36.0400391      -14.2246828       5.00000000    
  -58.1940842      -65.6410141      -8.56207085       5.00000000    
  -77.0410004      -43.6003151      -17.0658588       5.00000000    
  -75.1546783      -38.8293915     -0.468668222       5.00000000    
  -54.5868301      -33.9447479      -13.8572884       5.00000000    
  -61.3913498      -26.6372414      -13.3133974       5.00000000    
  -49.4296379      -33.7387848      -5.29182959       5.00000000    
  -61.1587906      -20.6371136      -5.31671333       5.00000000    
  -59.6869202      -22.1398869      -22.0799561       5.00000000    
  -56.8459091      -23.8174686       3.12643266       5.00000000    
  -45.3265686      -34.7541084      -17.5440102       5.00000000    
  -53.2205124      -41.4605713     -0.193060875       5.00000000    
  -44.0588570      -38.2919579       1.80880857       5.00000000    
  -57.5318375      -12.3329849      -9.54382038       5.00000000    
  -27.7638550      -27.8975296       16.6525078       5.00000000    
  -31.7892227      -34.8784561       22.5741043       5.00000000    
  -33.4166985      -19.7016335       17.5870323       5.00000000    
  -34.6487541      -39.6623688       14.2714243       5.00000000    
  -29.5481071      -32.4928665       32.0237312       5.00000000    
  -29.3406982      -46.2768097       19.5712128       5.00000000    
  -35.6021385      -39.9407349       34.8291206       5.00000000    
  -35.9654808      -27.1370468       37.5125198       5.00000000    
  -20.6897278      -21.0765209       18.5026207       5.00000000    
  -38.8816071      -47.5852127       16.8756886       5.00000000    
  -23.6649475      -48.5490646       4.78090096       5.00000000    
  -29.0943527      -56.8117714       6.28168583       5.00000000    
  -19.5506668      -46.1549721       13.5754633       5.00000000    
  -37.0759697      -51.0924416       4.38714600       5.00000000    
  -13.7814121      -45.6381760       5.42367172       5.00000000    
  -34.3615990      -57.6667557      -2.17544246       5.00000000    
  -25.3490238      -38.2973671       15.7306681       5.00000000    
  -14.6882095      -36.6229095       9.65491486       5.00000000    
  -32.4010010      -50.4137573      -8.77482224       5.00000000    
  -8.94963264      -47.5407562       13.9694929       5.00000000    
  -33.5479279      -44.4494476      -21.6782990       5.00000000    
  -27.3403416      -51.0053711      -17.3792572       5.00000000    
  -41.8021851      -44.1563873      -16.0416794       5.00000000    
  -24.0961132      -49.7364807      -26.7521553       5.00000000    
  -29.2523251      -60.3383942      -14.3400002       5.00000000    
  -44.1840210      -52.5256348      -11.1138496       5.00000000    
  -24.7287216      -57.4756470      -5.89392853       5.00000000    
  -42.0998039      -40.6147690      -25.1645203       5.00000000    
  -26.8089752      -57.7044220      -32.1511192       5.00000000    
  -40.8751183      -38.0282059      -8.19396782       5.00000000    
  -18.9373245      -51.3799057      -11.5249825       5.00000000    
  -16.6749725      -41.7444687      -10.0973339       5.00000000    
  -11.3487759      -56.7163544      -7.79271507       5.00000000    
  -21.2573013      -41.7257919      -18.9852924       5.00000000    
  -8.01798248      -37.2719765      -7.84831619       5.00000000    
  -24.2936745      -33.4946251      -14.1870222       5.00000000    
  -17.2236214      -42.5971184      -28.0932541       5.00000000    
  -9.07274246      -28.3152466      -12.1681604       5.00000000    
  0.684375763      -42.0920219      -6.83805561       5.00000000    
 -0.141727448      -31.3975487      -5.99248123       5.00000000    
