         100

  -9.84955215      -5.15262032      -2.79604530       5.00000000    
  -9.82584095       2.89544868      -8.73136711       5.00000000    
  -16.7560005      -3.52907181       4.25130367       5.00000000    
  -7.43888998      -14.2808037      0.500156403       5.00000000    
  -25.0360279      -7.92985916      0.776492119       5.00000000    
  -19.8558540      -7.26973534       12.9919176       5.00000000    
  -29.2656002     -0.406970978      -4.27493858       5.00000000    
  -1.28476024      -9.29362106      -5.60350513       5.00000000    
  -11.0297127      -22.9761219      -2.89062691       5.00000000    
  -31.1452618      -15.8465357      0.834560394       5.00000000    
   6.95611477      -17.2167377       4.56393051       5.00000000    
   5.34275961      -26.8794212       2.55655193       5.00000000    
   2.46587276      -15.2858639       13.2880049       5.00000000    
   7.13237000      -8.46361160     -0.268434525       5.00000000    
   1.21094131      -29.4129448       11.3035173       5.00000000    
  -1.74513125      -6.35837936       11.6856833       5.00000000    
   13.4583874      -14.1617975      -5.51363897       5.00000000    
  0.944105864     -0.698869705      0.920762062       5.00000000    
   5.42211056      -1.74345016      -7.47360325       5.00000000    
   21.4754124      -19.0562229      -2.08260632       5.00000000    
   1.77672052      -33.7046509      -8.66183472       5.00000000    
 -0.543336987      -29.5633659      -17.4633789       5.00000000    
   7.99896240      -41.2928848      -10.5859766       5.00000000    
  -2.87426496      -26.7838345      -3.14180946       5.00000000    
   7.90763044      -25.3585091      -20.7649460       5.00000000    
   10.3420639      -39.2756271      -1.07595348       5.00000000    
   4.51933336      -32.6774063      -26.6770782       5.00000000    
   17.5569191      -42.3516846      -7.84289455       5.00000000    
  -3.49744225      -38.6546326      -26.6127930       5.00000000    
  -2.88277841      -26.2262306      -28.5721092       5.00000000    
   9.88006496      -20.1795845      -29.0889015       5.00000000    
   15.4431047      -12.2754517      -26.5242691       5.00000000    
   2.30521059      -16.7128716      -34.6209526       5.00000000    
   15.9041853      -28.1456280      -29.5907860       5.00000000    
   1.76483941      -7.95516872      -29.8240051       5.00000000    
   21.0889568      -17.4838352      -20.1213646       5.00000000    
   3.84955311      -23.9512138      -41.3456192       5.00000000    
  -6.48153830      -13.4079514      -31.3286400       5.00000000    
   4.30663729      -33.3484955      -37.9570351       5.00000000    
   3.84516191      -2.19603539      -37.7300110       5.00000000    
   3.35786247      -80.5917664      -16.7701473       5.00000000    
   10.4519997      -87.3560562      -18.7497425       5.00000000    
   7.06517792      -71.6712341      -19.3543434       5.00000000    
  -5.43276691      -76.9599304      -13.6825409       5.00000000    
   1.89908409      -69.1017227      -27.5219650       5.00000000    
  -6.16368484      -67.0758743      -12.3518324       5.00000000    
   17.4997807      -80.3718872      -17.5041809       5.00000000    
  0.294261932      -65.7405624      -4.83421135       5.00000000    
  -2.44646931      -58.0496178      -14.5217800       5.00000000    
   13.3482494      -86.8532791      -9.19149780       5.00000000    
  -16.7614384      -79.8507462     -0.444751740       5.00000000    
  -11.8742599      -73.7907104      -6.72092628       5.00000000    
  -9.83563137      -84.4805145       5.08681107       5.00000000    
  -25.7816734      -78.1870728      -4.42812347       5.00000000    
  -14.0291500      -93.0362396       2.05089569       5.00000000    
  -21.9332886      -70.0011292      -8.69194412       5.00000000    
  -13.7711992      -81.6854858       13.8446636       5.00000000    
  -14.3752289      -64.1412811      -5.92557716       5.00000000    
 -0.140876770      -82.4704895       6.49140358       5.00000000    
  -15.8230305      -70.4860535      -16.5931988       5.00000000    
  -43.0100403      -38.1199684      -39.8222542       5.00000000    
  -33.6795883      -40.4452972      -37.0773926       5.00000000    
  -47.5147591      -46.6940460      -42.3114929       5.00000000    
  -32.0990524      -49.8984032      -34.2245483       5.00000000    
  -30.3151245      -33.0768700      -42.9414482       5.00000000    
  -34.5568161      -56.8277168      -41.0027351       5.00000000    
  -30.9492245      -47.4007416      -24.6100960       5.00000000    
  -27.2795887      -58.2250290      -31.4974689       5.00000000    
  -26.2451611      -38.4768982      -50.3086853       5.00000000    
  -33.2568398      -26.9891357      -35.5736084       5.00000000    
  -28.0319061      -68.8509521      -29.0791779       5.00000000    
  -22.0460072      -66.0925751      -21.5584297       5.00000000    
  -36.7340393      -64.1101532      -27.7380066       5.00000000    
  -18.5031719      -57.7339172      -25.7514534       5.00000000    
  -19.6248932      -60.5097122      -13.6231403       5.00000000    
  -32.7880287      -65.7201080      -36.7842522       5.00000000    
  -40.8771057      -58.2149887      -20.8038349       5.00000000    
  -12.0090027      -62.6729317      -19.7321548       5.00000000    
  -9.40832043      -59.6716881      -29.4297676       5.00000000    
  -38.9675102      -51.2005501      -27.6704273       5.00000000    
  -27.3381195      -47.3538589      -6.20746613       5.00000000    
  -33.4647446      -47.3218155       1.69618034       5.00000000    
  -29.5902596      -55.4817009      -11.5802593       5.00000000    
  -21.8711720      -39.5563354      -3.15583992       5.00000000    
  -27.8938637      -61.9915543      -4.18130589       5.00000000    
  -14.4879751      -45.0478249      0.760291100       5.00000000    
  -42.0979691      -50.2570839      -2.40941715       5.00000000    
  -28.6314621      -32.4346848      -5.04806805       5.00000000    
  -36.9025383      -62.3981934      -8.50326538       5.00000000    
  -28.2768707      -65.1445084      -13.7946129       5.00000000    
  -10.1035671      -31.1008854       1.78146744       5.00000000    
  -12.4996548      -37.2250137      -5.75223827       5.00000000    
  -14.4149609      -34.8093719       10.0070953       5.00000000    
  -3.48204613      -41.5255280      -5.31827354       5.00000000    
  -8.69604874      -32.9986572      -13.9782867       5.00000000    
  -23.2025814      -35.0580902       5.24090195       5.00000000    
  -7.38634109      -44.9417648      -13.8675833       5.00000000    
  -18.6940365      -26.9293976       8.92787933       5.00000000    
  -7.53055668      -23.0737801      -13.6034708       5.00000000    
  -5.13698196      -51.3614502      -6.03679848       5.00000000    
