         100

  -10.6878481      -23.9410858       1.29324627       5.00000000    
  -10.5460072      -17.8314362      -6.62205505       5.00000000    
  -20.2676029      -24.9985695       3.95972252       5.00000000    
  -6.31475782      -27.0302143       9.73915672       5.00000000    
  -13.9550686      -9.61739731      -2.04955196       5.00000000    
  -20.8250332      -33.4207916      -1.40269852       5.00000000    
  -12.6101542      -34.3117676       12.4496708       5.00000000    
  -2.64243793      -36.2540131       8.54098701       5.00000000    
  -15.5981941      -42.8580780       8.20323944       5.00000000    
  -4.25233650      -11.9884357      -1.56462479       5.00000000    
   11.5920067      -22.2987995      -9.54443741       5.00000000    
   21.1416225      -25.2658310      -9.50604248       5.00000000    
   9.61881065      -18.7822495     -0.393456459       5.00000000    
   2.78829861      -19.6222973      -13.4599285       5.00000000    
   8.54403687      -27.1929646       4.90793037       5.00000000    
   1.08807409      -29.1822433      -15.8508759       5.00000000    
   17.8871555      -24.0314236       6.55437660       5.00000000    
   4.77269030      -38.0618286      -13.0982914       5.00000000    
  -7.40946007      -25.7691593      -11.8330717       5.00000000    
   25.2784786      -25.2883015     -0.401871681       5.00000000    
  -7.24981308      -15.5422688      -28.5249386       5.00000000    
  -10.5387020      -7.07713890      -32.7112045       5.00000000    
   2.58821678      -14.4385204      -27.1125164       5.00000000    
  -12.5510845      -2.42634583      -24.0902805       5.00000000    
  -14.6210079      -22.2542801      -27.7411308       5.00000000    
  -6.11989307       2.92326164      -29.5694580       5.00000000    
  -20.7130222      -17.6009617      -21.3197708       5.00000000    
   1.88037384     -0.586647034      -34.4352837       5.00000000    
   9.34115887      -7.69685364      -30.1037827       5.00000000    
  -17.0699234      -12.6966839      -13.4029703       5.00000000    
   7.06987381      -19.0078831      -34.4784546       5.00000000    
   11.0864191      -27.1120663      -38.7433968       5.00000000    
   13.1922760      -16.3169384      -27.0437279       5.00000000    
   2.16331577      -10.4447002      -36.0902138       5.00000000    
   20.0273037      -10.0815659      -30.8388023       5.00000000    
   13.1635065      -22.7749233      -19.4086990       5.00000000    
   27.4676571      -16.6704979      -31.9465714       5.00000000    
   21.6196461      -5.33003235      -22.1850452       5.00000000    
   25.1434269      -1.51584053      -30.1651211       5.00000000    
   14.2591743      -1.61643219      -16.5252609       5.00000000    
   15.4602995      -80.2783585      -2.20713997       5.00000000    
   10.0479479      -80.1824036       6.20094872       5.00000000    
   21.2059479      -72.0952225      -2.04228210       5.00000000    
   3.62962055      -83.7768860     -0.572765350       5.00000000    
   14.2298479      -76.8710251       14.6595573       5.00000000    
   18.9045830      -87.8348846      -7.77814484       5.00000000    
   4.02413130      -86.0857239      -10.2947254       5.00000000    
   11.3114243      -68.0506439       10.9602547       5.00000000    
   22.9797840      -72.9397659      -11.8474083       5.00000000    
   25.2080154      -93.1422119      -2.11203003       5.00000000    
   26.6823845      -60.7593155      -11.7051926       5.00000000    
   26.9119682      -51.3090668      -8.44448090       5.00000000    
   18.2321606      -64.8167419      -8.22134972       5.00000000    
   29.0545883      -68.3879700      -17.7199383       5.00000000    
   14.9641762      -70.9047623      -15.4502792       5.00000000    
   37.6261978      -63.2438507      -17.9729118       5.00000000    
   9.26876640      -63.6516342      -11.5831585       5.00000000    
   36.6906509      -53.1920090      -9.35783005       5.00000000    
   9.12033653      -53.6829376      -10.8080482       5.00000000    
   18.2886028      -74.8554459      -24.0141983       5.00000000    
   6.63625956      -47.1215324      -28.2384586       5.00000000    
  -3.25764751      -48.4054184      -28.9188690       5.00000000    
   10.8886471      -55.0142326      -32.6681557       5.00000000    
   15.2922764      -42.5433197      -26.2102108       5.00000000    
   6.36942530      -55.5990295      -41.5694962       5.00000000    
   16.5328083      -61.4762115      -27.5311775       5.00000000    
  -2.21787620      -48.8862953      -18.9846134       5.00000000    
  -7.62200546      -49.7804871      -37.8104172       5.00000000    
   10.5636892      -68.2068481      -31.8982735       5.00000000    
   15.9880152      -62.0381203      -17.5617428       5.00000000    
   4.77685452      -76.4700089      -29.1583710       5.00000000    
  -2.98547578      -82.2900620      -31.5831814       5.00000000    
   1.08153903      -68.6839676      -24.0868511       5.00000000    
   11.7965822      -77.5662079      -36.1956863       5.00000000    
  -5.93835831      -79.5144806      -40.7251053       5.00000000    
  -5.60817957      -74.0756302      -18.9704800       5.00000000    
   12.2621670      -87.2690582      -33.8197060       5.00000000    
  -7.77555084      -65.6691742      -23.9337921       5.00000000    
   8.18425465      -61.9469414      -22.0462360       5.00000000    
  -3.62324715      -91.8871689      -34.3170967       5.00000000    
  -22.2414207      -35.2628174      -11.9874306       5.00000000    
  -25.7168102      -41.5922127      -18.9052925       5.00000000    
  -21.4925861      -26.3077202      -16.3749542       5.00000000    
  -16.6416893      -44.5554810      -21.8811092       5.00000000    
  -31.4250755      -26.4324570      -15.2217999       5.00000000    
  -18.5734196      -23.7710419      -7.15257454       5.00000000    
  -35.2834244      -43.3934593      -16.6181030       5.00000000    
  -10.1573210      -43.9391556      -14.2938776       5.00000000    
  -14.9033003      -51.8442612      -15.2593060       5.00000000    
  -17.5539608      -45.0186768      -31.8290024       5.00000000    
  -19.7344246      -58.5364799      -26.0472374       5.00000000    
  -12.4878988      -56.8950081      -32.7402191       5.00000000    
  -16.3564777      -65.5705338      -19.7933426       5.00000000    
  -27.5037460      -54.6702919      -31.0167122       5.00000000    
  -4.51228571      -57.6500359      -26.7551765       5.00000000    
  -26.2261143      -66.6465683      -18.5975685       5.00000000    
  -6.74235916      -63.6443787      -37.3707352       5.00000000    
  -29.0991402      -50.4458809      -22.0943336       5.00000000    
  -26.4766216      -74.8143539      -24.3621750       5.00000000    
  -26.1643295      -44.0365677      -29.1872444       5.00000000    
