         100

  0.662538528       1.38387728      -3.20834231       5.00000000    
  -8.15290833      -1.16659641      -7.18112469       5.00000000    
   3.39569569      -6.11198759       2.82007790       5.00000000    
  -6.83144093      -9.73213196      -12.1696396       5.00000000    
  -17.2045288      -5.25998926      -6.03555679       5.00000000    
  -1.89985752       7.74193287       4.07240582       5.00000000    
   3.51329327      -15.7183380       4.44471836E-02   5.00000000    
  -18.7279091      -10.9388103       2.05334353       5.00000000    
   3.90364361      -5.11939096       12.7577209       5.00000000    
  -22.4461422      0.366579533      0.357193828       5.00000000    
  -15.4137745      -11.8748512       20.0758057       5.00000000    
  -22.5121040      -4.95137262       18.7799511       5.00000000    
  -6.75204277      -7.68092108       17.3581886       5.00000000    
  -19.5022373      -17.9429703       26.8921337       5.00000000    
  -4.14540100      -17.1480770       15.4665260       5.00000000    
  -28.8378983      -11.4577904       22.9812431       5.00000000    
  -5.78708649E-02  -12.3350754       23.1484299       5.00000000    
  0.736958504      -2.94121218       21.9896030       5.00000000    
  -27.1117096      -20.3896713       18.8289394       5.00000000    
  -29.6655846      -7.08469534       12.1258812       5.00000000    
  -11.7926588       27.7869644       1.99224210       5.00000000    
  -14.8140879       26.2581882       11.4014721       5.00000000    
  -13.9894161       19.4877167      -3.13577485       5.00000000    
  -12.0060873       35.3501625      -4.54625893       5.00000000    
  -4.36287212       17.5327206      -5.00864410       5.00000000    
  -16.3587379       18.2274342      -12.7689514       5.00000000    
  -7.01115227       32.5039597       11.0779037       5.00000000    
  -3.90146732       20.0567894      -14.6738491       5.00000000    
  -22.2905121       32.4965363       9.12432957       5.00000000    
   2.62622452       32.9603767       8.44869709       5.00000000    
  -18.7560883       5.89075994      -10.2450790       5.00000000    
  -24.6888123       7.37257195      -18.1575832       5.00000000    
  -9.33423233       6.45315886      -13.5485144       5.00000000    
  -23.6341476       9.14635277      -2.14535332       5.00000000    
  -18.0148201       6.36733389      -25.5364132       5.00000000    
  -6.08671618       12.4868832      -20.8319149       5.00000000    
  -2.16581821       1.01136827      -17.9074993       5.00000000    
  -22.4522038       14.7493134      -28.7068481       5.00000000    
  -25.6618099       18.0626678      -6.19353962       5.00000000    
  -15.0646648       7.06474447       2.56956887       5.00000000    
  -50.1366196       20.5988140      -17.5064011       5.00000000    
  -46.9295082       12.3598881      -12.8336754       5.00000000    
  -43.0617218       23.1192226      -24.1088715       5.00000000    
  -56.6032867       27.6511078      -20.4128666       5.00000000    
  -37.4736023       15.4908466      -11.9481068       5.00000000    
  -49.4854736       33.4174461      -24.4235287       5.00000000    
  -40.0184975       20.8374100      -3.88976288       5.00000000    
  -30.5474815       15.4143105      -19.1607857       5.00000000    
  -61.9670410       22.3159065      -13.8733025       5.00000000    
  -50.6972427       39.3796616      -16.4874210       5.00000000    
  -66.0804062       9.15381336      -2.32075882       5.00000000    
  -68.2646027       16.2568665      -9.01235008       5.00000000    
  -56.2675285       9.80566597     -0.509000778       5.00000000    
  -64.0013046       12.9310713      -17.4245110       5.00000000    
  -54.9432602      0.706682205      -4.44043541       5.00000000    
  -62.8566132       3.65590668      -20.9826889       5.00000000    
  -59.2200699      0.197568893       4.58450317       5.00000000    
  -77.3833466       13.0049248      -11.5170097       5.00000000    
  -54.4407883      -1.57551003      -19.6387806       5.00000000    
  -46.4702110      -2.26867676      -8.84004784       5.00000000    
  -38.2912788       12.3484716      -36.7795830       5.00000000    
  -45.1807137       5.87476921      -40.0404587       5.00000000    
  -34.2307320       8.35500908      -28.5598106       5.00000000    
  -45.8285561       14.0642920      -45.7423630       5.00000000    
  -54.8290939       8.07559299      -41.4776382       5.00000000    
  -34.0044594       20.4041996      -32.6895866       5.00000000    
  -39.4811020       12.9849415      -21.4186134       5.00000000    
  -27.7599964       1.95368004      -32.7014008       5.00000000    
  -46.1782303     -0.642736435      -47.5587349       5.00000000    
  -24.8170605       19.1790161      -36.4432602       5.00000000    
  -18.8489189       14.5170879      -45.0539474       5.00000000    
  -8.97491264       13.6042662      -43.7620163       5.00000000    
  -23.2186794       9.10126972      -37.8724098       5.00000000    
  -7.30002594       19.0691605      -35.5566483       5.00000000    
  -18.0217400       1.12252808      -34.8173752       5.00000000    
  -28.0784340       18.3619461      -44.8708763       5.00000000    
  -14.1440735      -3.22764969      -42.9438171       5.00000000    
  -25.7285328       16.1175404      -54.3282623       5.00000000    
 -0.190673828       9.05851460      -42.2875557       5.00000000    
  -24.0863495       25.3833160      -50.9445381       5.00000000    
  -34.6234322       38.4485283      -40.2524338       5.00000000    
  -36.1766701       29.0419712      -37.2360535       5.00000000    
  -42.8632431       41.3170471      -45.1388474       5.00000000    
  -25.1548767       40.4633560      -42.7599487       5.00000000    
  -44.0402451       47.9066887      -37.7097473       5.00000000    
  -42.8565636       38.7391052      -54.8008957       5.00000000    
  -47.1761093       42.3557358      -30.0056477       5.00000000    
  -29.4286690       30.7000618      -30.0447807       5.00000000    
  -51.8728256       40.3024330      -50.7680397       5.00000000    
  -41.9968605       28.9396725      -56.5986824       5.00000000    
  -33.9794235       38.6539268      -26.0414791       5.00000000    
  -38.8407478       47.0406151      -23.5859108       5.00000000    
  -25.9224930       41.4100876      -31.2844257       5.00000000    
  -32.5395737       53.1649857      -18.8124771       5.00000000    
  -20.5795193       37.2125549      -23.9473457       5.00000000    
  -21.7299614       48.8666420      -36.4631462       5.00000000    
  -20.0567703       38.7908554      -14.0865536       5.00000000    
  -12.7557354       45.9478378      -33.1549759       5.00000000    
  -25.0109482       59.5252991      -17.1199226       5.00000000    
  -19.7152119       28.2687397      -28.3361549       5.00000000    
