         100

  -11.2837114      -6.35347652      -9.39765644       5.00000000    
  -16.2282066      -5.47965765     -0.749626160       5.00000000    
  -18.1601791      -7.62958241      -16.5450954       5.00000000    
  -3.15560627      -10.1345091      -13.8290968       5.00000000    
  -22.8061104      -12.9388027      -1.79477382       5.00000000    
  -15.6585598       4.48009253      -5.76176643E-02   5.00000000    
  -16.8412876      -17.1961098      -19.1416187       5.00000000    
  -11.4637547       8.95336533      -7.95656395       5.00000000    
  -24.3370590       1.90463781       4.19098473       5.00000000    
  -12.6217508      -22.7581768      -11.9820900       5.00000000    
  -8.04938126       16.3747578      -2.10709167       5.00000000    
  -17.6277122       13.7449741      -3.26452851       5.00000000    
  -6.35803890       23.9753780      -8.38167286       5.00000000    
  -5.44512701       8.50185204       3.48177385       5.00000000    
  -21.7811813       18.3220730       4.59669590       5.00000000    
  -3.10872102       16.3423557      -13.9655123       5.00000000    
  -24.2484093       10.7179337      -10.1204453       5.00000000    
  -5.69310379       14.3737297       11.5724916       5.00000000    
  -25.2091179       26.6652546      0.279217482       5.00000000    
  -10.1236458       12.5267239      -19.9847908       5.00000000    
  -3.61777210      -16.1234684       8.19560719       5.00000000    
  -4.99284887      -18.0085964       17.9195690       5.00000000    
  -10.4659290      -21.4478416       3.22028828       5.00000000    
   1.14236450      -12.9051533       1.12621784E-02   5.00000000    
   1.51337051      -10.4705181       18.8395138       5.00000000    
  -12.5427227      -13.6125793      -2.63596511       5.00000000    
   1.79998779      -20.4182777      -6.55539227       5.00000000    
  -2.66644382      -27.7291012       18.2348766       5.00000000    
  -14.2119350      -18.9493561       21.6776886       5.00000000    
  -18.3694305      -21.6891880      -3.54030967       5.00000000    
   8.13146973      -7.16331196       24.6096535       5.00000000    
   11.3625517      -16.6205902       24.9557304       5.00000000    
   10.3784103      -3.66994977       15.5130930       5.00000000    
   4.30508709      -21.2756996       19.6150703       5.00000000    
   20.2481842      -4.70430279       16.7450218       5.00000000    
   7.18907928      -5.34485149       6.18447208       5.00000000    
   7.95583534      -10.0883484       34.1707039       5.00000000    
   16.7927284      -7.65392208       4.62322140       5.00000000    
   25.6549492      -6.79337788       8.59624958       5.00000000    
   19.1368065       2.04413891       3.94986629       5.00000000    
  -28.5491600      -9.37995338       32.1725998       5.00000000    
  -20.2733517      -12.9043818       27.8034191       5.00000000    
  -28.1648254      -12.1674709       41.7687225       5.00000000    
  -32.8478851      -6.25822830       23.7005901       5.00000000    
  -22.9803886      -21.2464256       22.9990425       5.00000000    
  -18.8700294      -15.7201910       42.7591934       5.00000000    
  -31.5921955      -26.1262722       24.4230747       5.00000000    
  -25.6150684      -18.0291348       13.9048042       5.00000000    
  -20.0279446      -5.78768730       42.7111626       5.00000000    
  -33.5908203      -30.7397499       33.0672379       5.00000000    
  -19.3630829      -24.9070606       13.2344799       5.00000000    
  -28.2345848      -28.6428185       15.9454288       5.00000000    
  -17.2386055      -28.7337704       4.24310541       5.00000000    
  -22.9942627      -31.2199669       24.0631542       5.00000000    
  -35.4052963      -30.9609661       9.37216759       5.00000000    
  -16.3776951      -38.5138626       22.3244991       5.00000000    
  -24.7433453      -40.2641602       27.9552670       5.00000000    
  -8.37931824      -30.0644684       8.68568802       5.00000000    
  -31.2462082      -26.3147640       1.55441570       5.00000000    
  -7.61977005      -41.2900391       18.3769951       5.00000000    
  -51.2559204      -12.7165232       4.71434832       5.00000000    
  -42.1345329      -9.62880898       7.40992022       5.00000000    
  -50.9827347      -14.2707615      -5.16051483       5.00000000    
  -35.9328613      -6.75041389      0.112472534       5.00000000    
  -32.8594666      -12.7310600       9.49458027       5.00000000    
  -56.4546204      -4.19313622       4.14688969       5.00000000    
  -58.9227104      -8.19707775      -4.90925789       5.00000000    
  -31.9990425      -14.4576817      -4.89983273       5.00000000    
  -49.7472458      -21.5953560      -11.8556137       5.00000000    
  -34.0488396       3.06465721     -0.227895737       5.00000000    
  -58.3391991      -15.3303967      -11.8506489       5.00000000    
  -61.9543953      -23.3300724      -7.06187248       5.00000000    
  -64.2915802      -13.7401009      -19.7263222       5.00000000    
  -52.0281372      -7.89558983      -14.0609684       5.00000000    
  -61.4937248      -20.5717640      -26.4715042       5.00000000    
  -73.3508148      -9.59133339      -18.8782635       5.00000000    
  -51.8926468      -18.9369946      -28.7396927       5.00000000    
  -44.1230087      -13.9335480      -13.0377522       5.00000000    
  -74.4333191      -17.0178223      -25.4869957       5.00000000    
  -52.7434464      -23.4632702      -3.17112637       5.00000000    
  -49.7435646      -31.9541168      -2.18139839       5.00000000    
  -49.2071037      -29.5253258       7.50446367       5.00000000    
  -50.4326935      -41.9208336      -2.63078213       5.00000000    
  -58.9776077      -27.4398346       7.93751812       5.00000000    
  -51.7353058      -30.7616749       17.1004066       5.00000000    
  -45.0719604      -46.1789436       4.65882969       5.00000000    
  -42.9183998      -25.5578861      -5.71825409       5.00000000    
  -39.8400078      -44.0787277       12.9184723       5.00000000    
  -64.6148224      -34.0834351       12.8446283       5.00000000    
  -53.3149490      -51.4473457      -1.66024494       5.00000000    
  -67.9191895      -31.9193802       22.0313606       5.00000000    
  -66.1444397      -28.9140854       31.4028225       5.00000000    
  -63.9117661      -25.0404739       15.9797926       5.00000000    
  -57.5970535      -23.8724651       32.6357689       5.00000000    
  -64.5726089      -41.2889595       21.0211411       5.00000000    
  -51.7572746      -20.7100410       25.1600418       5.00000000    
  -56.8724823      -14.1403990       30.4539948       5.00000000    
  -51.9998474      -14.6864119       17.1813431       5.00000000    
  -54.6505775      -42.0132751       22.0318336       5.00000000    
  -67.2125015      -42.7265282       30.5590668       5.00000000    
