         100

  -14.3517780     -0.230994225       7.05116749       5.00000000    
  -7.24933815      -5.50708008       11.7114544       5.00000000    
  -20.1256790      -6.80181122       2.20489120       5.00000000    
  -7.36950254      -15.4508638       10.6594334       5.00000000    
  -6.72652245       2.98398399       16.9677315       5.00000000    
  -25.8945751     -0.605707169       7.52730751       5.00000000    
   2.20268869      -8.46965218       10.3394623       5.00000000    
  -21.6997585       7.19018936       2.87677479       5.00000000    
   2.74096155       4.21460342       13.9924507       5.00000000    
  -14.6568155       14.2155228       1.85614109       5.00000000    
 -0.915260792      -21.5178185       4.35858154       5.00000000    
  -8.54854012      -25.6856384     -0.577236176       5.00000000    
 -0.374804974      -11.9981480       1.34466743       5.00000000    
  0.409934998      -24.7593212       13.7253609       5.00000000    
  -1.98679638      -31.5272102      -5.35421658       5.00000000    
  -7.49178982      -30.7106304       15.1898212       5.00000000    
  -13.1903744      -20.1300907      -7.47572756       5.00000000    
   4.14483881      -15.6429281       15.4405518       5.00000000    
  -7.38944292      -7.60793400      -4.26968193       5.00000000    
   4.16155005      -34.0074539       14.3556786       5.00000000    
   2.08809423      -5.82386017      -18.2580070       5.00000000    
 -0.817655087       3.63626099      -16.8218517       5.00000000    
  -5.41769457      -11.6579857      -15.1553335       5.00000000    
   7.06303644      -12.4633102      -23.8408813       5.00000000    
  -12.7867279      -10.8898287      -21.8715630       5.00000000    
  -5.91245985      -21.5975151      -14.1748772       5.00000000    
   5.07787848      -21.9836464      -26.1695309       5.00000000    
  -16.4491272      -3.73025322      -15.9279461       5.00000000    
   4.48059607      -16.0641613      -34.2071800       5.00000000    
  -10.8972969      0.439714432      -8.73153305       5.00000000    
  -6.66349316      -29.3513889      -23.1113281       5.00000000    
  -15.3450966      -33.9938660      -21.3576584       5.00000000    
  -8.18804359      -23.1883221      -30.8373909       5.00000000    
  -11.5772295      -42.2924347      -25.4732628       5.00000000    
  -13.9164515      -26.7061386      -38.2407875       5.00000000    
   3.14322901      -30.7284431      -21.7214088       5.00000000    
  -18.5512409      -19.4953785      -33.0907021       5.00000000    
  -6.64571095      -42.2251968      -16.7741032       5.00000000    
  -24.8464832      -26.9890442      -35.1435051       5.00000000    
  -10.2332134      -36.2859421      -9.57311630       5.00000000    
  -34.1531410       13.4419308      -51.5982132       5.00000000    
  -28.8605843       5.06539917      -50.2476006       5.00000000    
  -32.7506714       16.2508678      -61.0924492       5.00000000    
  -35.1697388       21.0879135      -45.2332039       5.00000000    
  -29.6001339       7.47997665      -64.7190704       5.00000000    
  -25.5450802       20.1768379      -42.6776123       5.00000000    
  -34.0373154       1.29759598      -42.5661087       5.00000000    
  -28.2249451      -4.77369595      -51.9171906       5.00000000    
  -25.7864380      -1.71978378      -63.8121033       5.00000000    
  -18.3161411      -5.47895432      -53.0644188       5.00000000    
  -48.8645401      -6.16071701      -46.0217247       5.00000000    
  -51.4173813      -3.08809948      -36.8541756       5.00000000    
  -38.9961357      -7.77198648      -45.8887787       5.00000000    
  -46.2157135       5.22427940      -34.8930168       5.00000000    
  -60.9040031      -2.32435894      -39.9232368       5.00000000    
  -44.0203667      -6.93397522      -54.7355804       5.00000000    
  -51.2503777      -4.18464851      -26.9158363       5.00000000    
  -37.1116104       4.06389236E-02  -52.8308220       5.00000000    
  -36.8979263       6.94994354      -31.6988888       5.00000000    
  -62.7451134       4.69179153E-02  -49.4619560       5.00000000    
  -39.6853371      -7.91789389      -12.0880013       5.00000000    
  -45.8523064      -12.0172710      -5.36752510       5.00000000    
  -44.7908936      -7.23231983      -20.6590958       5.00000000    
  -32.0493393      -2.03812504      -14.7563839       5.00000000    
  -37.2157402      -14.1454935     -0.797878265       5.00000000    
  -43.7638206      -10.1668854       4.23545837       5.00000000    
  -33.7159309       5.96504021      -8.99681091       5.00000000    
  -51.6927261      -4.10863876       3.58037186       5.00000000    
  -24.8008194      -8.88727760      -14.0163021       5.00000000    
  -42.8528671      -20.8195324       4.06841278       5.00000000    
  -41.4849052      -32.3512650      -16.8678589       5.00000000    
  -32.9208450      -27.2269611      -16.2374649       5.00000000    
  -45.2498779      -30.5849609      -25.9620762       5.00000000    
  -37.1935196      -19.2339592      -12.0118465       5.00000000    
  -27.2824192      -35.4686394      -15.7042027       5.00000000    
  -49.3960190      -37.7927475      -19.6609325       5.00000000    
  -54.6224060      -30.5748558      -22.4756718       5.00000000    
  -24.6293240      -27.1287422      -21.8269119       5.00000000    
  -34.3479233      -12.7220774      -19.0473423       5.00000000    
  -21.3652992      -28.5190468      -11.6187916       5.00000000    
  -55.8594284      -38.4568329      -39.7168045       5.00000000    
  -59.5804749      -37.6834183      -48.9665833       5.00000000    
  -56.8951950      -48.0166626      -36.9723396       5.00000000    
  -52.2548141      -35.4185982      -30.8978004       5.00000000    
  -56.8842010      -28.1344452      -47.7222900       5.00000000    
  -42.6611710      -36.5223236      -33.4945107       5.00000000    
  -51.6292191      -53.0434875      -43.8279915       5.00000000    
  -48.5749474      -23.7040253      -44.3568115       5.00000000    
  -39.9409485      -45.9833565      -31.7368107       5.00000000    
  -55.8639259      -51.2845535      -52.7145844       5.00000000    
  -65.1668777      -14.5953379      -34.0439987       5.00000000    
  -55.8853455      -17.7146645      -36.0746078       5.00000000    
  -64.5996552      -9.03065586      -25.7547493       5.00000000    
  -48.5274315      -11.7607012      -32.8478165       5.00000000    
  -61.1462021      -25.0709496      -40.3415298       5.00000000    
  -44.9616165      -20.4763927      -29.4829369       5.00000000    
  -60.7289352      -32.3376007      -33.4846115       5.00000000    
  -42.4543228      -26.5143795      -37.0495682       5.00000000    
  -38.6790504      -13.3700676      -32.2001724       5.00000000    
  -61.9327698      -14.0480928      -17.5258923       5.00000000    
