         100

  0.739593029       3.18802452       4.62449646       5.00000000    
  -5.65093899       1.86049843      -2.95170307       5.00000000    
  0.615098476      -6.51196480       7.05238152       5.00000000    
  -2.09447813       4.44981861       14.1311321       5.00000000    
  -11.3320847      -5.84789276      -6.97574615E-02   5.00000000    
   10.2470570      0.287079811       3.53237724       5.00000000    
  -15.6545105       1.09155083       5.68879318       5.00000000    
   7.18084192       10.5971785       6.52596474       5.00000000    
  -14.7703972       7.24773884      -2.14191246       5.00000000    
   5.63721657E-02   16.4844570       10.3446426       5.00000000    
   1.17852926       11.1837444      -14.4099789       5.00000000    
  -4.91991711       12.6413364      -6.61994839       5.00000000    
  -4.29823112       3.56981134      -17.8789215       5.00000000    
   1.54641867       10.6971664      -24.3913918       5.00000000    
   10.2300091       10.1823311      -10.2786493       5.00000000    
  -8.15470028       20.0428104      -12.5152397       5.00000000    
   1.33287859       19.0404339      -2.15286732       5.00000000    
  -15.3279343       13.6112995      -9.83571339       5.00000000    
   11.1271439       10.3783379      -20.2364693       5.00000000    
   1.45960093      -3.76618290      -14.2690821       5.00000000    
  -22.3332443      -10.4586859      -23.9569092       5.00000000    
  -22.9808655      -5.67451096      -15.1994848       5.00000000    
  -16.8580265      -3.17231655      -28.0716858       5.00000000    
  -13.4035702      -6.81567478      -12.5587463       5.00000000    
  -20.5932541      -12.7325993      -8.52997303       5.00000000    
  -13.5808907       3.08564615      -11.1686382       5.00000000    
  -32.4757919      -8.80932713      -15.0595589       5.00000000    
  -14.5467930       5.55952454      -23.7806053       5.00000000    
  -27.0515232      -5.41300488      -31.1873589       5.00000000    
  -16.9926662      -16.1271915      -30.2295723       5.00000000    
   1.08841085      -16.6903343      -11.2069817       5.00000000    
  -1.45248508      -12.6998386      -20.0172100       5.00000000    
  -4.82761717      -10.4284420      -6.12867069       5.00000000    
  -9.63845158      -18.4367352      -20.2975807       5.00000000    
 -0.164247036      -21.1842003      -25.1510067       5.00000000    
  -9.74796963      -19.0438309      -4.87746859       5.00000000    
  -18.2943401      -19.5991001      -15.4267845       5.00000000    
  -4.45816708      -27.4851093      -4.00431061       5.00000000    
   4.12416506      -10.1648521      -4.26416636       5.00000000    
  -6.30520678      -13.9438305      -28.2918453       5.00000000    
  -9.56640244      -29.1924896      -30.5216198       5.00000000    
  -6.07549667      -26.8778381      -21.4421406       5.00000000    
  -18.9937401      -27.0512581      -27.9640026       5.00000000    
  -9.16669178      -35.5226059      -17.4756756       5.00000000    
   2.01521397      -30.5869484      -25.9993401       5.00000000    
  -20.4042912      -27.9432335      -18.1053963       5.00000000    
  -22.5319633      -36.3995247      -27.6344757       5.00000000    
  -11.2835617      -20.9712849      -35.9488220       5.00000000    
  -16.6120243      -42.6252708      -32.7528496       5.00000000    
  -24.4188442      -20.0536995      -23.3187790       5.00000000    
  -20.0749531      -23.3689346      -38.4161606       5.00000000    
  -26.8534985      -21.9239120      -45.6237526       5.00000000    
  -13.3483706      -27.0627003      -44.8278465       5.00000000    
  -25.2474232      -13.1200600      -41.1611099       5.00000000    
  -18.5305710      -28.2325897      -53.2987633       5.00000000    
  -17.5592804      -32.5911446      -35.4781837       5.00000000    
  -27.6692429      -17.6444321      -32.5783424       5.00000000    
  -15.3922806      -36.8218498      -45.5993614       5.00000000    
  -26.3198223      -14.6382189      -52.4525642       5.00000000    
  -5.84563112      -21.3392067      -48.1371384       5.00000000    
  -15.9865093      -10.4541845      -64.3651810       5.00000000    
  -18.2035217      -17.4506245      -57.5716858       5.00000000    
  -8.31748581      -6.97559261      -58.9733658       5.00000000    
  -23.6460838      -4.22541094      -62.7822418       5.00000000    
  -8.30962276      -2.22159672      -67.7726288       5.00000000    
  -5.10161018      -16.0800667      -56.3724442       5.00000000    
  -15.3559141      -15.4948435      -48.1884804       5.00000000    
   1.19813919      -8.59429646      -56.3612823       5.00000000    
  -20.9172344      -7.34759426      -46.5497169       5.00000000    
  -5.70104647      -23.6650982      -62.8612976       5.00000000    
  -21.5505028       7.91933537      -52.5677681       5.00000000    
  -28.6403847       4.39749336      -58.6755753       5.00000000    
  -15.5857096       10.4559374      -60.1819458       5.00000000    
  -12.2179089       10.6994886      -50.2981491       5.00000000    
  -21.8683453       7.09035969      -42.6079559       5.00000000    
  -11.7794762       4.89731503      -42.1666222       5.00000000    
  -27.1373806      -3.97228622      -53.4155121       5.00000000    
  -21.2513199       16.9514465      -41.0729294       5.00000000    
  -8.80286121       3.11226177      -60.4146385       5.00000000    
  -12.2465849      -5.09054995      -42.2082291       5.00000000    
   8.58959770      -7.43245316      -49.7383041       5.00000000    
   6.96344185       1.86153698      -53.0495949       5.00000000    
   17.1802368      -8.23786068      -54.7913437       5.00000000    
   13.2304153      -16.2879181      -49.5548935       5.00000000    
 -0.691609383      -3.88219309      -48.6200600       5.00000000    
   12.5288544       5.37959194      -45.5237083       5.00000000    
   5.92182350       1.15643215      -62.9703178       5.00000000    
   10.9236126     -0.246668816      -37.4145432       5.00000000    
   4.41695976      -17.9762573      -53.9671478       5.00000000    
   1.18825722       9.36456203      -49.8345337       5.00000000    
   1.92618370      -10.7561769      -31.2423630       5.00000000    
   10.0257893      -12.3039808      -36.8986206       5.00000000    
   1.93806362     -0.926863670      -33.0802689       5.00000000    
  -4.18594742      -5.11148167      -25.6954327       5.00000000    
   9.97172546       2.96135616      -28.5701447       5.00000000    
  -6.48573685       3.89503384      -30.6747494       5.00000000    
   12.8810959      -3.10374737      -21.1718464       5.00000000    
   12.9933739      -15.5264149      -27.9091969       5.00000000    
  -5.17298460      -14.3644209      -37.2908249       5.00000000    
   3.87850666      -13.9940090      -44.6024170       5.00000000    
