         100

   19.1849194      -8.75597763      -8.33269501       5.00000000    
   22.9520893      -2.01753855      -1.97644949       5.00000000    
   12.7264023      -12.2494049      -1.54421663       5.00000000    
   12.0547047      -4.82692575      -14.1398125       5.00000000    
   24.0746593      -17.4093418      -9.43253326       5.00000000    
   19.1779308      -13.5459290       5.98550892       5.00000000    
   15.8602476      -20.9643726      -13.8918133       5.00000000    
   29.6424351      -2.18702650      -9.40682793       5.00000000    
   5.08958054      -16.7498360      -6.17294216       5.00000000    
   15.6775274       4.79013586      -2.83450699       5.00000000    
   6.07796669      -4.32961559       9.99245644       5.00000000    
   3.90023565      -11.1706209       3.03126335       5.00000000    
  -2.27338934      -6.23242140       15.1532803       5.00000000    
   9.92750549      -2.04679632       1.04988384       5.00000000    
   14.3616390      0.396493435       12.9998798       5.00000000    
 -0.174979568      -5.05071068      -3.74659967       5.00000000    
  -3.06389189      -16.5613880       7.76840401       5.00000000    
   7.29726219      -20.5072441       1.89665890       5.00000000    
  -10.3065042      -10.4590015       10.9573917       5.00000000    
   6.27237272      -23.6917019       11.3204899       5.00000000    
  -2.53881741      -3.00296450      -17.9546833       5.00000000    
  -6.97718096       1.23886251      -25.8482838       5.00000000    
   6.53785753      -2.32685709      -22.0968246       5.00000000    
  -2.87242270      -2.82238245      -34.0125275       5.00000000    
   3.71449280       1.98822737      -13.5289507       5.00000000    
  -11.4462786     -0.278242588      -14.3169498       5.00000000    
  -4.16113758       4.58937216      -7.94238997       5.00000000    
   8.04275131       4.45773935      -29.2872200       5.00000000    
  -11.5850277       9.63890457      -13.0396280       5.00000000    
  0.735564828       13.2582321      -8.87549877       5.00000000    
  -11.1712008      -14.1626272      -12.7695484       5.00000000    
  -20.3025246      -10.1121435      -13.2301083       5.00000000    
  -10.6541710      -13.0344715      -2.84690619       5.00000000    
  -14.3617439      -7.33167744      -20.7783241       5.00000000    
  -2.82555723      -14.2590752      -18.2777786       5.00000000    
  -21.9336605      -14.8295746      -4.56487942       5.00000000    
  -1.87338531      -20.8886070      -10.8520145       5.00000000    
  -5.64271688      -23.1730404      -21.8279228       5.00000000    
  -18.6511517      -13.9073610      -26.9718246       5.00000000    
  -2.90869331      -13.5955191      -28.2553787       5.00000000    
   9.61815071      -31.6115952      -33.5678139       5.00000000    
   18.9946918      -28.8385639      -35.6631165       5.00000000    
   5.89071083      -22.7223015      -36.2301712       5.00000000    
   13.2361670      -33.4415321      -24.4265728       5.00000000    
   22.5446720      -22.3031387      -28.9783287       5.00000000    
   7.62607431      -28.7635689      -44.0077477       5.00000000    
   6.22486544      -16.1077690      -28.7374859       5.00000000    
   11.5683651      -41.4164200      -33.8164215       5.00000000    
   16.5586891      -14.8535042      -26.0336514       5.00000000    
   7.87026262      -29.4957962      -16.9674435       5.00000000    
   2.82320547      -38.6633911      -35.5931358       5.00000000    
  -4.50938320      -44.5347023      -39.0223122       5.00000000    
   8.92749691      -41.0766144      -43.1371956       5.00000000    
  -7.37338495      -36.6517715      -33.5765305       5.00000000    
   4.39653683      -37.6847534      -25.7662621       5.00000000    
  -9.52776146      -34.7971764      -43.1640320       5.00000000    
  0.309329391      -28.5893478      -26.5184288       5.00000000    
  -13.2233171      -28.8448944      -35.7743073       5.00000000    
   3.68236494      -50.1734810      -40.0711784       5.00000000    
  -17.4332333      -39.6934929      -39.4858932       5.00000000    
  -19.0795765      -43.3433685      -18.1026630       5.00000000    
  -17.9575825      -52.1715698      -13.5416794       5.00000000    
  -19.0927391      -38.3377457      -9.44566822       5.00000000    
  -26.7340927      -48.2687492      -22.2436962       5.00000000    
  -11.7353354      -42.2862778      -24.8067722       5.00000000    
  -26.0920525      -51.4651794      -7.76838589       5.00000000    
  -20.0488777      -37.7009811      -27.9467754       5.00000000    
  -18.0783138      -59.6360970      -20.1950798       5.00000000    
  -12.4634733      -33.0461082      -21.0533905       5.00000000    
  -9.78848553      -39.6753998      -6.03390694       5.00000000    
  0.123357892      -52.6745491      -16.7576694       5.00000000    
  -5.03882456      -49.2037735      -24.5874844       5.00000000    
  -4.70798159      -61.4295883      -16.8503628       5.00000000    
   2.61958408      -52.5981903      -30.0489655       5.00000000    
  -7.70615864      -51.6931343      -10.6146936       5.00000000    
   6.13157845      -61.3513641      -26.7246399       5.00000000    
   7.32384539      -48.8703766      -10.9539242       5.00000000    
  -14.7032871      -51.1793900      -22.9450817       5.00000000    
  -7.09249640      -67.9914169      -24.0095825       5.00000000    
   9.84844303      -44.6240463      -19.6485043       5.00000000    
  -8.83447742      -35.3520126       5.45662880       5.00000000    
  -4.20216465      -43.7019539       8.42662430       5.00000000    
 -0.260437131      -31.0167389       2.68317413       5.00000000    
  -14.5012121      -42.7584038       9.06665421       5.00000000    
  -1.05567205      -37.0671539      -5.23894787       5.00000000    
  -18.4434299      -41.7485809      -6.79206848E-02   5.00000000    
 -0.261839509      -47.0247765      -5.70532990       5.00000000    
   5.99574947      -35.5148964       9.05677032       5.00000000    
  -13.2533178      -28.8045902       11.5894718       5.00000000    
  -8.45854950      -49.5774612       15.3086967       5.00000000    
   8.23137569      -43.1262474      -2.82899094       5.00000000    
   16.0546131      -36.9997253      -1.70774174       5.00000000    
   11.6750450      -49.5480347       4.01974106       5.00000000    
   9.80742455      -36.7769547      -10.3921108       5.00000000    
   1.80137336      -48.1502419       3.27390480       5.00000000    
   23.2423992      -43.7924652      -3.18922997       5.00000000    
   5.55904341      -56.1268997     -0.374912262       5.00000000    
   9.68073463      -30.2188797       1.95207405       5.00000000    
   17.6650639      -40.7350006      -15.1448345       5.00000000    
   9.59933853      -27.2704964      -7.29615021       5.00000000    
